750
600
700
750
750
500
400
750
650
550
550
650
750
550
700
900
550
850
750
1000
850
1000
800
900
750
400
850
900
450
500
900
850
900
700
500
950
650
550
1000
950
650
950
450
600
400
900
550
450
400
800
500
650
900
550
950
600
600
800
450
650
850
550
750
900
850
1000
800
400
400
800
950
950
950
700
800
450
950
650
600
1000
550
600
700
450
750
550
750
400
500
950
400
850
950
450
750
700
950
650
650
800
600
400
500
600
550
900
450
650
900
550
600
550
950
400
1000
950
850
800
450
850
600
750
750
550
500
950
1000
800
650
400
500
400
700
650
900
950
450
450
600
850
900
900
900
500
500
650
900
650
400
600
650
850
850
900
400
400
550
400
950
1000
900
1000
800
750
400
550
800
500
700
750
950
600
550
650
700
800
400
650
700
450
750
1000
550
850
800
650
700
600
700
850
1000
950
650
450
500
950
1000
400
900
750
750
650
900
750
650
1000
900
1000
550
800
450
1000
1000
600
550
650
700
700
400
400
400
450
500
950
400
600
550
850
850
800
500
700
550
650
500
850
750
950
500
550
850
950
700
900
550
450
650
600
1000
400
1000
950
550
800
650
900
800
500
650
500
950
400
900
550
700
500
850
650
600
550
950
600
600
1000
950
900
950
500
400
650
750
500
450
850
500
800
600
550
800
450
600
700
550
500
750
650
1000
500
600
450
1000
450
600
750
650
750
950
550
950
650
400
500
400
900
850
1000
450
900
400
700
400
950
450
450
650
550
400
800
650
600
950
700
900
950
800
700
900
400
900
800
550
800
850
500
400
900
750
750
900
950
900
500
1000
500
950
450
600
800
900
850
400
900
750
800
500
1000
400
950
600
600
650
550
650
500
900
650
750
850
650
800
950
850
1000
550
700
950
450
600
750
500
600
600
400
900
850
450
450
500
600
650
1000
600
700
900
550
900
450
500
650
800
850
950
850
1000
800
950
900
750
950
600
700
850
700
450
850
800
1000
600
750
700
650
700
700
900
600
650
750
1000
550
700
700
550
450
700
750
450
700
850
700
1000
400
1000
900
500
950
400
800
450
1000
650
450
750
850
400
450
800
550
500
650
600
950
400
450
800
700
600
600
900
1000
800
450
600
850
650
450
750
750
500
950
850
650
950
1000
750
600
700
500
500
800
400
